AGNIBINA 100 100 100 100 100 100 100 100 100
AGNIBINA2 100 100 100 100 100 100 100 100 100
JAMUNA 100 100 100 100 100 100 100 100 100
JAMUNA2 100 100 100 100 100 100 100 100 100
NIRJHOR 100 100 100 100 100 100 100 100 100
ANIRBAN 100 100 100 100 100 100 100 100 100
NIRJHOR2 100 100 100 100 100 100 100 100 100
ANIRBAN2 100 100 100 100 100 100 100 100 100
JALALABAD 100 100 100 100 100 100 100 100 100
JALALABAD2 100 100 100 100 100 100 100 100 100
JALALABAD7 100 100 100 100 100 100 100 100 100
KOROTOA2 120 100 200 220 160 180 140 110 80
SITNAG 100 200 300 330 250 290 240 200 120
JALAL 100 120 202 200 250 300 150 120 100
AGOMON  110  100  150  160  170  180  190  120  100
SUNDARBAN 100 100 100 100 100 100 100 100 100
BENGAL 100 100 100 100 100 100 100 100 100
SUBORNA 100 100 100 100 100 100 100 100 100

